Emin
  -3.022028932409919E-006   ! try5-E3b end (Ames-1 PES)
rnnref,rnoref,alpha1,alpha2
   3.1042000000   1.5521000000    1.500000    1.500000
De1,De_1,De2,De_2,De3,De_3
   120000.000   100000.000   120000.000   100000.000   160000.000        0.000
edp1,edp2,edp3,edp4,edp5,edp6
      -0.200      -0.200      -0.500      -1.500      -0.500       0.000
       252
       0       0       0      -0.479253456996E+00
       0       0       1      -0.513538057270E+05
       1       0       0      -0.281216617575E+03
       0       0       2       0.190072611427E+05
       1       0       1      -0.372871472531E+05
       1       1       0       0.324693877654E+05
       2       0       0      -0.710759737172E+05
       0       0       3      -0.218175719544E+06
       1       0       2      -0.254671501799E+04
       1       1       1       0.485046327503E+05
       2       0       1       0.404010418280E+05
       2       1       0      -0.329614062514E+05
       3       0       0       0.310811178739E+05
       0       0       4       0.410268553896E+07
       1       0       3      -0.442954237555E+06
       1       1       2       0.728532474030E+05
       2       0       2       0.388990835476E+05
       2       1       1       0.575360058183E+04
       2       2       0      -0.486101552243E+04
       3       0       1       0.662447269411E+04
       3       1       0       0.213273508425E+05
       4       0       0      -0.451427042090E+06
       0       0       5      -0.348954517347E+08
       1       0       4       0.695980377968E+07
       1       1       3       0.841654285745E+06
       2       0       3      -0.900044516873E+06
       2       1       2      -0.300370906688E+06
       2       2       1       0.365337332642E+04
       3       0       2       0.178369301538E+06
       3       1       1       0.468600778468E+05
       3       2       0      -0.453760093379E+04
       4       0       1      -0.207890902833E+05
       4       1       0       0.731477101025E+04
       5       0       0       0.136549697520E+07
       0       0       6       0.156393460293E+09
       1       0       5      -0.562429977378E+08
       1       1       4      -0.190032179357E+08
       2       0       4       0.164468866380E+08
       2       1       3       0.334115696414E+07
       2       2       2      -0.191401725205E+06
       3       0       3      -0.334677111636E+07
       3       1       2      -0.560979879158E+06
       3       2       1      -0.162902028775E+06
       3       3       0       0.309397660992E+05
       4       0       2      -0.585326395071E+06
       4       1       1      -0.849913882582E+05
       4       2       0      -0.967105232667E+05
       5       0       1       0.366350120697E+05
       5       1       0       0.129393684870E+05
       6       0       0      -0.237280269483E+07
       0       0       7      -0.421956902609E+09
       1       0       6       0.261684144845E+09
       1       1       5       0.160703088348E+09
       2       0       5      -0.144164559732E+09
       2       1       4      -0.214660886931E+08
       2       2       3       0.348355744184E+07
       3       0       4       0.269035621463E+08
       3       1       3       0.466783847395E+07
       3       2       2       0.249219776231E+07
       3       3       1       0.256116582457E+06
       4       0       3       0.105799557944E+08
       4       1       2       0.217260044632E+07
       4       2       1       0.287118942804E+06
       4       3       0      -0.419025122358E+05
       5       0       2       0.320126628629E+06
       5       1       1       0.747175917952E+05
       5       2       0       0.255598265555E+06
       6       0       1       0.157443113375E+06
       6       1       0      -0.512935638814E+04
       7       0       0       0.306629771867E+07
       0       0       8       0.695794531664E+09
       1       0       7      -0.750713855391E+09
       1       1       6      -0.689516762529E+09
       2       0       6       0.642763357715E+09
       2       1       5       0.737914449189E+08
       2       2       4      -0.158241790497E+08
       3       0       5      -0.110940498013E+09
       3       1       4      -0.139918486848E+08
       3       2       3      -0.201686635190E+08
       3       3       2      -0.266550704684E+07
       4       0       4      -0.673211029987E+08
       4       1       3      -0.190936462499E+08
       4       2       2      -0.371104818921E+07
       4       3       1      -0.796116738892E+05
       4       4       0      -0.332452781393E+06
       5       0       3      -0.877461490636E+07
       5       1       2      -0.110301839672E+07
       5       2       1       0.396196543171E+06
       5       3       0      -0.276470570207E+06
       6       0       2      -0.279766572511E+06
       6       1       1      -0.299889115884E+06
       6       2       0      -0.462964991150E+06
       7       0       1      -0.101682935271E+07
       7       1       0      -0.121470411787E+06
       8       0       0      -0.351322830597E+07
       0       0       9      -0.674813456974E+09
       1       0       8       0.133735207182E+10
       1       1       7       0.167553734416E+10
       2       0       7      -0.159138528149E+10
       2       1       6      -0.137787205728E+09
       2       2       5       0.129719035768E+08
       3       0       6       0.272725890287E+09
       3       1       5      -0.105400248011E+07
       3       2       4       0.823493356716E+08
       3       3       3       0.784518671758E+07
       4       0       5       0.170668066404E+09
       4       1       4       0.778856378337E+08
       4       2       3       0.191548518072E+08
       4       3       2       0.332416489844E+07
       4       4       1      -0.612876527694E+06
       5       0       4       0.665121552632E+08
       5       1       3       0.593943564090E+07
       5       2       2       0.670873016426E+06
       5       3       1      -0.124166698279E+07
       5       4       0       0.131973370761E+07
       6       0       3      -0.426847544751E+07
       6       1       2       0.324882578973E+06
       6       2       1      -0.109344080288E+07
       6       3       0       0.530135160278E+06
       7       0       2       0.322563696572E+07
       7       1       1       0.530585139545E+06
       7       2       0       0.573703155451E+06
       8       0       1       0.184541645419E+07
       8       1       0       0.238259400227E+06
       9       0       0       0.338231304083E+07
       0       0      10       0.336129431621E+09
       1       0       9      -0.142995111196E+10
       1       1       8      -0.231769883820E+10
       2       0       8       0.220454166295E+10
       2       1       7       0.117507672195E+09
       2       2       6       0.721640247800E+08
       3       0       7      -0.409864260404E+09
       3       1       6       0.907430074915E+08
       3       2       5      -0.189077539676E+09
       3       3       4       0.847914297625E+07
       4       0       6      -0.188756775548E+09
       4       1       5      -0.172141862405E+09
       4       2       4      -0.359760070364E+08
       4       3       3      -0.131352353192E+08
       4       4       2      -0.284826699294E+07
       5       0       5      -0.164140650527E+09
       5       1       4      -0.504217628310E+07
       5       2       3      -0.767392912380E+07
       5       3       2       0.178063668881E+07
       5       4       1      -0.190145064679E+06
       5       5       0      -0.319800060015E+06
       6       0       4       0.786752399679E+06
       6       1       3      -0.288372647494E+07
       6       2       2       0.630831582260E+06
       6       3       1       0.303730943477E+07
       6       4       0      -0.217830129684E+07
       7       0       3       0.697392637025E+06
       7       1       2      -0.492451926815E+06
       7       2       1       0.613169664735E+06
       7       3       0      -0.396026397616E+06
       8       0       2      -0.422556899260E+07
       8       1       1      -0.259642035122E+06
       8       2       0      -0.499101389495E+06
       9       0       1      -0.155781205958E+07
       9       1       0      -0.191463924924E+06
      10       0       0      -0.225465317125E+07
       0       0      11      -0.472202685233E+08
       1       0      10       0.830747564294E+09
       1       1       9       0.169426979023E+10
       2       0       9      -0.158880921459E+10
       2       1       8      -0.172930011480E+08
       2       2       7      -0.167817972021E+09
       3       0       8       0.347235888217E+09
       3       1       7      -0.164402572747E+09
       3       2       6       0.231005765666E+09
       3       3       5      -0.591328829464E+08
       4       0       7       0.583416526718E+08
       4       1       6       0.197265454874E+09
       4       2       5       0.160458359761E+08
       4       3       4       0.246457801671E+08
       4       4       3       0.126697489101E+08
       5       0       6       0.190744241185E+09
       5       1       5      -0.177198285306E+08
       5       2       4       0.156133197819E+08
       5       3       3      -0.260634635251E+07
       5       4       2      -0.191248766090E+07
       5       5       1      -0.250233608257E+05
       6       0       5      -0.911605354438E+07
       6       1       4       0.141957320475E+08
       6       2       3       0.901072703941E+06
       6       3       2      -0.178670914690E+07
       6       4       1       0.101070115446E+07
       6       5       0       0.196484350613E+06
       7       0       4       0.613637870783E+07
       7       1       3      -0.345823948729E+07
       7       2       2       0.187411647003E+06
       7       3       1      -0.237474693585E+07
       7       4       0       0.151953428712E+07
       8       0       3      -0.546721660534E+06
       8       1       2       0.119379777652E+07
       8       2       1       0.198784529803E+04
       8       3       0       0.258298085241E+05
       9       0       2       0.232852812395E+07
       9       1       1      -0.738221792401E+05
       9       2       0       0.275199011392E+06
      10       0       1       0.625934910712E+06
      10       1       0       0.739364481405E+05
      11       0       0       0.850712019134E+06
       0       0      12      -0.139237781201E+08
       1       0      11      -0.199768531831E+09
       1       1      10      -0.504318280262E+09
       2       0      10       0.460922754784E+09
       2       1       9      -0.187092981879E+08
       2       2       8       0.954626384306E+08
       3       0       9      -0.121916548769E+09
       3       1       8       0.845042566696E+08
       3       2       7      -0.102463262727E+09
       3       3       6       0.361202881544E+08
       4       0       8       0.126140634376E+08
       4       1       7      -0.837829409506E+08
       4       2       6      -0.589327949881E+07
       4       3       5      -0.885496516263E+07
       4       4       4      -0.838923033476E+07
       5       0       7      -0.753172484179E+08
       5       1       6       0.132698883039E+08
       5       2       5       0.178145354338E+07
       5       3       4       0.218444727112E+07
       5       4       3      -0.181909270562E+07
       5       5       2       0.249405839083E+07
       6       0       6       0.673004355769E+06
       6       1       5      -0.575689064698E+07
       6       2       4      -0.717530844455E+07
       6       3       3      -0.645774557848E+06
       6       4       2       0.103197001758E+06
       6       5       1      -0.333817002913E+06
       6       6       0      -0.348846820032E+06
       7       0       5       0.523864969642E+06
       7       1       4      -0.730175762213E+06
       7       2       3       0.174215658568E+07
       7       3       2       0.100430602903E+07
       7       4       1      -0.148587676961E+06
       7       5       0       0.167582176157E+06
       8       0       4      -0.165571954903E+07
       8       1       3       0.905798478155E+06
       8       2       2      -0.522874395875E+06
       8       3       1       0.511465501706E+06
       8       4       0      -0.456284243771E+06
       9       0       3       0.122863476633E+06
       9       1       2      -0.392800903876E+06
       9       2       1      -0.318501472604E+05
       9       3       0       0.524843971726E+05
      10       0       2      -0.452637032658E+06
      10       1       1       0.533747473775E+05
      10       2       0      -0.679936718087E+05
      11       0       1      -0.975728443269E+05
      11       1       0      -0.115078593710E+05
      12       0       0      -0.134466600340E+06
